0 0.20234375 0.87265625 0.296875 0.2546875
0 0.2484375 0.72265625 0.2125 0.22109375
0 0.28515625 0.61484375 0.165625 0.1515625
0 0.0640625 0.65859375 0.128125 0.1671875
0 0.878125 0.91640625 0.24375 0.1671875
0 0.959375 0.81015625 0.08125 0.2671875
0 0.91171875 0.684375 0.17578125 0.18671875
0 0.825 0.6109375 0.1609375 0.1453125
0 0.7203125 0.85 0.26328125 0.3
0 0.6578125 0.68203125 0.2 0.2328125
0 0.62890625 0.596875 0.16484375 0.15546875
0 0.31796875 0.54765625 0.1390625 0.15546875
0 0.57578125 0.53515625 0.12109375 0.178125
0 0.75078125 0.53046875 0.1328125 0.153125