0 0.8265625 0.15859375 0.29375 0.3171875
0 0.68515625 0.21953125 0.25 0.240625
0 0.58359375 0.27109375 0.1734375 0.184375
0 0.59609375 0.06015625 0.1828125 0.1203125
0 0.93203125 0.81640625 0.1359375 0.2640625
0 0.86640625 0.91171875 0.2671875 0.1171875
0 0.73984375 0.88203125 0.2109375 0.2015625
0 0.65546875 0.80625 0.165625 0.1796875
0 0.8546875 0.66953125 0.290625 0.3015625
0 0.70234375 0.63125 0.2578125 0.2296875
0 0.6140625 0.6140625 0.178125 0.1859375
0 0.521875 0.31328125 0.1734375 0.159375
0 0.5453125 0.5703125 0.19375 0.1453125
0 0.56484375 0.74375 0.1703125 0.153125