3 0.451171875 0.142578125 0.49609375 0.171875
3 0.765625 0.4033203125 0.390625 0.189453125
3 0.6220703125 0.611328125 0.53515625 0.23046875
3 0.71484375 0.5087890625 0.455078125 0.2109375
3 0.3837890625 0.7197265625 0.46875 0.255859375
3 0.41015625 0.2333984375 0.6171875 0.21875
3 0.3916015625 0.333984375 0.599609375 0.16015625
3 0.626953125 0.6787109375 0.5390625 0.255859375
3 0.5751953125 0.7783203125 0.537109375 0.25
3 0.533203125 0.884765625 0.578125 0.23046875
3 0.3720703125 0.4130859375 0.623046875 0.23046875
3 0.373046875 0.5263671875 0.599609375 0.259765625