3 0.1396484375 0.4794921875 0.08056640625 0.49072265625
3 0.45630859375 0.22033203125 0.1204296875 0.375
3 0.63330078125 0.40162109375 0.13404296875 0.52001953125
3 0.5497265625 0.29150390625 0.12923828125 0.43931640625
3 0.69287109375 0.65576171875 0.173828125 0.443125
3 0.22181640625 0.537109375 0.10603515625 0.60826171875
3 0.3166796875 0.57546875 0.04744140625 0.6012890625
3 0.69962890625 0.409453125 0.1604296875 0.517578125
3 0.7868359375 0.47921875 0.15345703125 0.517578125
3 0.90958984375 0.54478515625 0.17578125 0.55384765625
3 0.390625 0.6096484375 0.11439453125 0.61384765625
3 0.50154296875 0.6298828125 0.1520703125 0.5817578125